0 0.45454545454545453 0.5573770491803278 0.2545454545454545 0.31693989071038253
0 0.07272727272727272 0.6939890710382514 0.14545454545454545 0.2185792349726776
0 0.24545454545454545 0.7240437158469946 0.2581818181818182 0.3442622950819672
0 0.8763636363636363 0.7377049180327869 0.23272727272727273 0.26229508196721313
0 0.6763636363636364 0.7568306010928961 0.20363636363636364 0.2459016393442623
0 0.4763636363636364 0.8032786885245902 0.21818181818181817 0.22950819672131148
0 0.07818181818181819 0.8879781420765027 0.15636363636363637 0.22404371584699453
0 0.9254545454545454 0.9371584699453552 0.14909090909090908 0.12568306010928962
0 0.8036363636363636 0.9371584699453552 0.11636363636363636 0.12568306010928962
0 0.28545454545454546 0.9480874316939891 0.2727272727272727 0.10382513661202186
0 0.6527272727272727 0.953551912568306 0.31636363636363635 0.09289617486338798
0 0.4527272727272727 0.42896174863387976 0.2581818181818182 0.2459016393442623
0 0.23454545454545456 0.4344262295081967 0.15636363636363637 0.23497267759562843
0 0.7381818181818182 0.4371584699453552 0.27636363636363637 0.40437158469945356
0 0.1 0.43989071038251365 0.2 0.3114754098360656
0 0.025454545454545455 0.4672131147540984 0.05090909090909091 0.3224043715846995
0 0.9545454545454546 0.5109289617486339 0.09090909090909091 0.3551912568306011