0 0.9356913183279743 0.7314814814814815 0.12861736334405144 0.21604938271604937
0 0.07877813504823152 0.07716049382716049 0.15755627009646303 0.15432098765432098
0 0.40836012861736337 0.7962962962962963 0.2765273311897106 0.3950617283950617
0 0.319935691318328 0.08641975308641975 0.0932475884244373 0.08641975308641975
0 0.12379421221864952 0.808641975308642 0.24115755627009647 0.3333333333333333
0 0.2315112540192926 0.8179012345679012 0.09646302250803858 0.36419753086419754
0 0.6479099678456591 0.8209876543209876 0.22186495176848875 0.3333333333333333
0 0.8762057877813505 0.8580246913580247 0.24758842443729903 0.2839506172839506
0 0.6559485530546624 0.09567901234567901 0.18006430868167203 0.19135802469135801
0 0.1945337620578778 0.12962962962962962 0.1639871382636656 0.16049382716049382
0 0.864951768488746 0.15432098765432098 0.2572347266881029 0.2962962962962963
0 0.6141479099678456 0.2654320987654321 0.2379421221864952 0.35802469135802467
0 0.1864951768488746 0.2716049382716049 0.14790996784565916 0.2839506172839506
0 0.9260450160771704 0.31790123456790126 0.1414790996784566 0.3395061728395062
0 0.46141479099678456 0.32098765432098764 0.10610932475884244 0.35802469135802467
0 0.3392282958199357 0.3487654320987654 0.24115755627009647 0.4876543209876543
0 0.07877813504823152 0.345679012345679 0.15112540192926044 0.43209876543209874
0 0.7990353697749196 0.47530864197530864 0.13183279742765272 0.2962962962962963
0 0.7395498392282959 0.6018518518518519 0.2508038585209003 0.35185185185185186
0 0.4855305466237942 0.6141975308641975 0.18006430868167203 0.22839506172839505