0 0.28444444444444444 0.5088888888888888 0.2222222222222222 0.28888888888888886
0 0.12 0.5355555555555556 0.2311111111111111 0.3333333333333333
0 0.7088888888888889 0.5888888888888889 0.26222222222222225 0.27111111111111114
0 0.8733333333333333 0.6066666666666667 0.24444444444444444 0.31555555555555553
0 0.4666666666666667 0.6755555555555556 0.2311111111111111 0.21333333333333335
0 0.5866666666666667 0.7822222222222223 0.3377777777777778 0.32
0 0.2311111111111111 0.7844444444444445 0.3022222222222222 0.28888888888888886
0 0.8422222222222222 0.8711111111111111 0.26222222222222225 0.24
0 0.30666666666666664 0.8844444444444445 0.3288888888888889 0.2311111111111111
0 0.5333333333333333 0.9688888888888889 0.1511111111111111 0.06222222222222222
0 0.98 0.2288888888888889 0.04 0.2
0 0.8488888888888889 0.24888888888888888 0.2311111111111111 0.21333333333333335
0 0.76 0.29333333333333333 0.28444444444444444 0.29333333333333333
0 0.47333333333333333 0.41333333333333333 0.30666666666666664 0.35555555555555557
0 0.9222222222222223 0.42 0.15555555555555556 0.13777777777777778